370	0.025495155	0.039295349	0.04540969	0.050126744	0.053694961	0.060589535	0.063426744	0.068475969	0.072334496	0.076122868	0.081497674	0.085864729	0.090854264	0.096132171	0.100364341	0.105586047	0.108562791	0.111671705	0.112166667	0.110315891	0.111799225	0.110306977	0.11001938	0.106285659	0.103433333																										
371	0.037590698	0.059619767	0.069925581	0.077865891	0.082660078	0.096940698	0.101331008	0.109396899	0.113515891	0.121284109	0.130281783	0.141874419	0.14930969	0.156225969	0.165579845	0.173736434	0.179418992	0.179436434	0.184670543	0.181343411	0.184857364	0.183766279	0.183505814	0.177032171	0.171589535																										
372	0.059466279	0.103494961	0.121019767	0.135717442	0.149001163	0.170536047	0.181643023	0.195898062	0.210077519	0.220303876	0.241499225	0.250876357	0.270159302	0.284804264	0.298567442	0.312745736	0.321490698	0.334739535	0.340508915	0.335071705	0.339984496	0.336677907	0.324146124	0.324834496	0.311355426																										
373	0.09141124	0.172046512	0.203219767	0.224773256	0.248037984	0.282684884	0.299143023	0.327401938	0.347332171	0.37299031	0.399585271	0.427325581	0.453399225	0.468910853	0.492945736	0.52327907	0.538562016	0.545476744	0.555864341	0.551112403	0.558484496	0.551593023	0.552655039	0.533034884	0.514662791																										
374	0.121874806	0.247077907	0.28833062	0.325396124	0.358792636	0.410868217	0.43496124	0.465689922	0.5	0.537434109	0.575655039	0.603918605	0.64079845	0.679065891	0.706620155	0.746426357	0.763348837	0.784360465	0.792108527	0.787612403	0.793255814	0.788395349	0.782189922	0.753949612	0.733403101																										
375	0.143334496	0.301556202	0.354806202	0.396689922	0.43648062	0.502883721	0.529054264	0.574790698	0.608713178	0.65244186	0.69501938	0.736841085	0.78051938	0.816589147	0.850627907	0.898585271	0.923406977	0.937503876	0.944670543	0.943763566	0.947375969	0.940213178	0.93529845	0.906643411	0.877972868																										
376	0.14799186	0.321813953	0.378963953	0.421581395	0.467244186	0.531751938	0.563860465	0.610406977	0.64570155	0.689949612	0.736577519	0.781875969	0.82677907	0.86603876	0.898104651	0.949445736	0.972833333	0.99051938	0.998406977	0.990926357	0.997313953	0.990426357	0.985375969	0.959860465	0.925992248																										
377	0.135172481	0.298616279	0.350586822	0.391186047	0.434647287	0.493635659	0.52246124	0.563802326	0.59855814	0.640639535	0.682852713	0.72970155	0.767996124	0.80353876	0.837620155	0.885806202	0.908457364	0.92074031	0.931968992	0.924341085	0.930965116	0.926410853	0.92203876	0.895751938	0.863127907																										
378	0.113315116	0.24767093	0.293329845	0.326252713	0.363093023	0.411348837	0.439317829	0.474131783	0.501325581	0.535302326	0.578965116	0.610790698	0.646302326	0.679546512	0.700112403	0.743937984	0.766593023	0.779244186	0.786802326	0.778337209	0.785903101	0.776976744	0.773306202	0.753321705	0.727100775																										
379	0.094186047	0.201865891	0.235211628	0.260458915	0.289763953	0.335344961	0.352665504	0.383574806	0.403178295	0.435166667	0.46179845	0.495379845	0.525751938	0.548093023	0.571709302	0.608410853	0.621465116	0.632937984	0.632472868	0.635802326	0.639120155	0.634678295	0.630775194	0.610306202	0.595596899																										
380	0.081953876	0.169744961	0.200302713	0.222422481	0.246235271	0.282590698	0.298233333	0.324363178	0.341724806	0.365544961	0.39472093	0.421569767	0.442992248	0.465027132	0.483503876	0.513306202	0.526511628	0.537953488	0.541972868	0.538492248	0.544410853	0.538895349	0.537965116	0.521895349	0.503968992																										
381	0.074720543	0.152661628	0.178755039	0.199329845	0.220919767	0.252444186	0.266689922	0.288767442	0.305844961	0.326035271	0.352252326	0.373011628	0.394651163	0.414414729	0.433310078	0.45905814	0.470232558	0.480515504	0.484158915	0.483341085	0.486852713	0.484251938	0.482523256	0.467124031	0.453825581																										
382	0.071851163	0.144322093	0.168132171	0.188728295	0.208125581	0.238279845	0.251989535	0.272192636	0.289658527	0.309289147	0.33323062	0.35463062	0.371782171	0.394065891	0.409589147	0.434488372	0.445333333	0.453825581	0.458093023	0.456930233	0.462639535	0.457131783	0.456228682	0.443410853	0.428003876																										
383	0.069863178	0.13995814	0.163827519	0.181500388	0.201551163	0.230910465	0.242051163	0.262734884	0.279637597	0.297785659	0.321355039	0.341760078	0.361356977	0.378003876	0.395135659	0.416372093	0.427589147	0.436937984	0.441286822	0.441282946	0.445670543	0.439608527	0.440248062	0.426616279	0.415015504																										
384	0.068298062	0.137422868	0.160487984	0.178363178	0.197565116	0.22530814	0.237850388	0.256236434	0.270881008	0.290822093	0.312802326	0.333843023	0.350437984	0.369902713	0.386140698	0.408213178	0.417434109	0.425953488	0.428813953	0.428992248	0.433600775	0.427406977	0.425922481	0.416841085	0.406232558																										
385	0.06839845	0.134877907	0.158234884	0.174685271	0.193475194	0.221808527	0.234255039	0.25304031	0.268217054	0.285991085	0.307912016	0.328169767	0.345879845	0.365094961	0.377524031	0.401624031	0.410643411	0.419465116	0.424810078	0.423178295	0.428410853	0.423228682	0.421635659	0.408875969	0.398182171																										
386	0.067595349	0.133586822	0.156202713	0.172696512	0.19134845	0.219039535	0.231763953	0.249467442	0.264836047	0.282973643	0.305198837	0.323658527	0.342373256	0.360012403	0.37295969	0.398775194	0.406310078	0.414848837	0.417709302	0.417775194	0.420922481	0.417178295	0.416228682	0.405399225	0.393608527																										
387	0.066569767	0.131998062	0.153481783	0.171057752	0.190167829	0.216324806	0.227594961	0.246072868	0.261568217	0.279096899	0.300302326	0.320573256	0.337312403	0.354022481	0.368997674	0.391492248	0.403162791	0.409120155	0.413182171	0.41298062	0.417375969	0.413817829	0.411310078	0.399166667	0.388608527																										
388	0.067085271	0.132054264	0.152923256	0.169927132	0.188655426	0.215218217	0.227689147	0.245662016	0.261208915	0.277355426	0.298367829	0.319962791	0.336901163	0.355543411	0.368447287	0.391992248	0.400976744	0.407837209	0.411682171	0.411562016	0.414600775	0.41070155	0.411271318	0.398089147	0.387212403																										
389	0.068936434	0.135067054	0.156175969	0.173496124	0.193106589	0.220646124	0.233375581	0.252091085	0.268183721	0.284768605	0.306896899	0.328099612	0.345246512	0.364822481	0.37712907	0.400790698	0.410937984	0.419554264	0.422996124	0.422860465	0.427662791	0.421841085	0.42294186	0.409034884	0.396065891																										
390	0.07292907	0.144021318	0.166992248	0.185478682	0.206024031	0.234917054	0.249077519	0.26930814	0.285152326	0.304744961	0.329366667	0.35040969	0.368542636	0.389306202	0.405883721	0.42894186	0.440050388	0.446744186	0.452348837	0.450503876	0.455251938	0.449434109	0.450310078	0.43846124	0.423903101																										
391	0.081329845	0.163057752	0.189808527	0.210793023	0.234081008	0.267086434	0.281257364	0.305556977	0.32419031	0.345831395	0.37414031	0.398639535	0.419410853	0.443496124	0.461565891	0.48520155	0.500465116	0.511313953	0.514468992	0.512445736	0.519887597	0.511356589	0.516213178	0.49725969	0.482627907																										
392	0.090860078	0.183512403	0.214504651	0.240301938	0.26656938	0.303335271	0.320477907	0.34715	0.370172868	0.394155039	0.423802326	0.450930233	0.475100775	0.501775194	0.526209302	0.556248062	0.567600775	0.578546512	0.585872093	0.585178295	0.593352713	0.582321705	0.583802326	0.562744186	0.548755814																										
393	0.099785271	0.206949225	0.243054264	0.271825969	0.301069767	0.344661628	0.361765504	0.392135659	0.419050388	0.446806202	0.479302326	0.511507752	0.538782946	0.568744186	0.592565891	0.62577907	0.641271318	0.652930233	0.660437984	0.657670543	0.66396124	0.657379845	0.658337209	0.63798062	0.615589147																										
394	0.105415116	0.224122868	0.261978295	0.293227907	0.325563566	0.372040698	0.392178295	0.427085271	0.452689922	0.481348837	0.518984496	0.551488372	0.581143411	0.613593023	0.636674419	0.673546512	0.691325581	0.702612403	0.709903101	0.70875969	0.715104651	0.705604651	0.70827907	0.682713178	0.661554264																										
395	0.106581008	0.23177907	0.272068217	0.303438372	0.337768605	0.382761628	0.406027132	0.438666667	0.467360465	0.498453488	0.535515504	0.569562016	0.603062016	0.632282946	0.656689922	0.694375969	0.714426357	0.725864341	0.731437984	0.731437984	0.736065891	0.727829457	0.727604651	0.70674031	0.685186047																										
396	0.104378682	0.227151163	0.268323643	0.297453488	0.331770155	0.377075194	0.398050388	0.430472868	0.460189922	0.489170543	0.526856589	0.562023256	0.590275194	0.624682171	0.645310078	0.684996124	0.703193798	0.713003876	0.721317829	0.719011628	0.724531008	0.714806202	0.718348837	0.697135659	0.67348062																										
397	0.097649612	0.213295736	0.250642636	0.279902713	0.311912016	0.352254264	0.374188372	0.404782946	0.430069767	0.458732558	0.495496124	0.527465116	0.554096899	0.586302326	0.604503876	0.643364341	0.660810078	0.667728682	0.676895349	0.675151163	0.680434109	0.671631783	0.673228682	0.653724806	0.63203876																										
398	0.089153488	0.195320543	0.229824806	0.254640698	0.284417442	0.321378682	0.341291085	0.371189922	0.392732558	0.418883721	0.450825581	0.481554264	0.506565891	0.532806202	0.553957364	0.589182171	0.605147287	0.610096899	0.618639535	0.617166667	0.626054264	0.615251938	0.614581395	0.597135659	0.577263566																										
399	0.079262016	0.172043411	0.20228876	0.226128682	0.250673643	0.285360078	0.302584496	0.326522093	0.348036434	0.371929457	0.401213178	0.425810078	0.448430233	0.473813953	0.492581395	0.52494186	0.534705426	0.546290698	0.552957364	0.552872093	0.552515504	0.547600775	0.547527132	0.532748062	0.517926357																										
400	0.071260078	0.15320155	0.180245349	0.201225581	0.224810078	0.25456124	0.269786047	0.292383721	0.310627907	0.332062791	0.358024806	0.382572093	0.39996124	0.426042636	0.440224806	0.468236434	0.478596899	0.486104651	0.491736434	0.492507752	0.491844961	0.490550388	0.490341085	0.47746124	0.462472868																										
401	0.062847287	0.135517442	0.158840698	0.177150388	0.195084496	0.221382558	0.235889147	0.253400388	0.272849225	0.290320543	0.313696899	0.334221318	0.352622093	0.37205814	0.385360853	0.408325581	0.419593023	0.426089147	0.429104651	0.430848837	0.434465116	0.427	0.428670543	0.415414729	0.40551938																										
402	0.057284496	0.12105155	0.143274419	0.159622481	0.176660465	0.19925155	0.213320543	0.230328682	0.245961628	0.259836047	0.282581783	0.300865891	0.315521318	0.335882171	0.346099612	0.368751163	0.377244961	0.3824	0.386497674	0.386212403	0.388782946	0.386762016	0.387489922	0.376005039	0.363315891																										
403	0.052247674	0.109618992	0.129286822	0.143939922	0.160183721	0.180778682	0.191473256	0.207085659	0.22197093	0.23627907	0.255654264	0.272057752	0.286552713	0.304527907	0.312591085	0.332468605	0.341859302	0.348137984	0.351185659	0.351677519	0.354885659	0.350709302	0.351494574	0.341018605	0.329954651																										
404	0.049555814	0.102255039	0.120710465	0.133879457	0.147843023	0.16788062	0.178144186	0.193926744	0.206754651	0.217758915	0.236991473	0.253772868	0.264201938	0.281322868	0.290750775	0.310242636	0.318770155	0.322895736	0.32619031	0.328354264	0.329837984	0.325081008	0.326109302	0.315249225	0.308385271																										
405	0.046635271	0.096681008	0.112832946	0.12550814	0.139615891	0.155356589	0.166365504	0.180186047	0.192673256	0.204608527	0.220896512	0.235268992	0.247681395	0.263200775	0.272527907	0.287567054	0.296273643	0.300516667	0.306087209	0.304735659	0.306585271	0.303781395	0.30615814	0.296126744	0.286997287																										
406	0.043977519	0.091054651	0.107030233	0.119410078	0.131973643	0.149039922	0.158231783	0.169852713	0.182964341	0.193439535	0.20922907	0.222954264	0.235599612	0.249127519	0.256526744	0.272863178	0.280173256	0.284703101	0.291404264	0.288382558	0.290486434	0.286965504	0.288386047	0.280427907	0.270581395																										
407	0.042560465	0.086943411	0.102569767	0.114505426	0.126308527	0.141189147	0.150967829	0.162498062	0.174553101	0.183904651	0.199212403	0.213274419	0.222897287	0.236793023	0.244471705	0.260839147	0.2672	0.270933333	0.274942248	0.27464845	0.276942636	0.275032171	0.275084884	0.266016279	0.259128682																										
408	0.040922093	0.083815504	0.097754651	0.110161628	0.121207752	0.135471705	0.144374419	0.155824806	0.168258527	0.177315116	0.191063178	0.204005814	0.213942248	0.227462016	0.234631008	0.249625194	0.256637597	0.260792248	0.264128682	0.263462016	0.265294574	0.261834109	0.265704264	0.256174031	0.248516279																										
409	0.040098837	0.080812403	0.09462907	0.106494186	0.11749186	0.131411628	0.139326357	0.15097093	0.162713566	0.171944961	0.185575194	0.197332171	0.208905426	0.220861628	0.227285659	0.242317442	0.249463953	0.253128295	0.256547674	0.256350388	0.259071318	0.254526744	0.258662403	0.248878295	0.241275969																										
410	0.039295349	0.080043411	0.093243411	0.105469767	0.116361628	0.12976124	0.13974031	0.149443023	0.160266667	0.169224031	0.183081783	0.195816667	0.204675969	0.218291473	0.226382171	0.239796512	0.246643023	0.251089535	0.254174806	0.252817829	0.255533333	0.250744186	0.254362791	0.244743798	0.238840698																										
411	0.038964729	0.080099225	0.093051163	0.106463178	0.116500388	0.129548837	0.138647287	0.149877132	0.161605426	0.16954845	0.184208527	0.195357752	0.206083333	0.220247287	0.226115116	0.241160078	0.24634845	0.250898837	0.25433876	0.254671705	0.256372868	0.251127519	0.254335271	0.245272093	0.239532946																										
412	0.039600388	0.082325581	0.095331395	0.108368992	0.117968992	0.131925194	0.141312016	0.153105426	0.16434845	0.174318992	0.186989147	0.198896899	0.210365116	0.223685659	0.229927519	0.245225969	0.251466279	0.255441473	0.259376357	0.259021318	0.261057752	0.257356977	0.259064341	0.249848837	0.242820543																										
413	0.040524031	0.083973643	0.097873256	0.112129457	0.120282946	0.13565155	0.145046899	0.157322868	0.169429845	0.178550388	0.192525581	0.204454264	0.216770543	0.229701938	0.237541473	0.251578295	0.25896938	0.262951938	0.26654845	0.265193411	0.268779845	0.263125969	0.267020155	0.258125581	0.249822868																										
414	0.041383333	0.086194574	0.100793798	0.114405426	0.125079457	0.139570155	0.149272481	0.162417829	0.174984496	0.183059302	0.197726744	0.211254651	0.223111628	0.23397093	0.243583721	0.259237984	0.267900388	0.270877519	0.274321705	0.274413178	0.276290698	0.272091085	0.274460465	0.265367442	0.256281395																										
415	0.042106977	0.088137984	0.102613953	0.116718605	0.127224419	0.141854651	0.153027519	0.165701163	0.176967054	0.188086822	0.202722868	0.215671705	0.227768217	0.241107364	0.249256202	0.264684496	0.272408527	0.276487984	0.279201163	0.279190698	0.282580233	0.277522868	0.279913178	0.269877132	0.262607752
416	0.042125969	0.088570543	0.103983721	0.118201163	0.128557752	0.142892636	0.153799612	0.166963953	0.178631783	0.18819186	0.204679457	0.217943411	0.22897093	0.243784884	0.252420155	0.266190698	0.27353062	0.278300775	0.28226124	0.280947674	0.285386822	0.278366279	0.281850388	0.272694574	0.264161628
417	0.041677907	0.088067442	0.102956589	0.116774031	0.127887209	0.141854651	0.153245349	0.164963178	0.178196899	0.187549225	0.203070543	0.216645736	0.227576357	0.241093411	0.249348837	0.264557364	0.272208527	0.276822868	0.279713566	0.277744961	0.28170155	0.276503876	0.278168605	0.270327132	0.261747287
418	0.040571705	0.087327519	0.101560078	0.114701938	0.124871318	0.139139147	0.14966938	0.161830233	0.17311938	0.183989922	0.197141473	0.211257752	0.223215504	0.236251938	0.242776357	0.258555039	0.265697287	0.270224031	0.273263566	0.272822868	0.275947287	0.271243798	0.272510465	0.263562791	0.255775194
419	0.039375581	0.083420155	0.097772481	0.110304264	0.12105155	0.133853488	0.144039922	0.15522093	0.16747907	0.176400388	0.191072868	0.203626744	0.21386124	0.227843798	0.232883721	0.248706977	0.255396899	0.259184109	0.263081008	0.262006202	0.264032946	0.259983333	0.262468605	0.254393798	0.246620543
420	0.038563605	0.08122093	0.094174419	0.107006589	0.116706589	0.128550388	0.13871938	0.149346899	0.160867442	0.169794186	0.183113953	0.19484845	0.205302326	0.218876357	0.224307364	0.239114341	0.244412016	0.24973876	0.250859302	0.250898837	0.254197287	0.250178682	0.251000388	0.242344574	0.236462403
421	0.036841434	0.075950775	0.088800388	0.10003876	0.109227907	0.121784496	0.130524419	0.141415116	0.150208915	0.158953488	0.172365891	0.182728295	0.19230814	0.203958527	0.209303101	0.22406938	0.228809302	0.233625969	0.236579457	0.236667442	0.237525969	0.23435	0.235446899	0.227631783	0.221989147
422	0.035101395	0.072154264	0.083415891	0.094924806	0.103046124	0.113451938	0.122309302	0.131990698	0.140482946	0.149095736	0.160969767	0.171757752	0.180939147	0.191243023	0.195419767	0.20806124	0.213987209	0.218654651	0.220213953	0.219755039	0.222112791	0.218191473	0.219489922	0.211491085	0.205662403
423	0.033473333	0.067244574	0.078037209	0.088402713	0.096005039	0.10575	0.114856977	0.122043023	0.131684884	0.138708527	0.149560853	0.158873643	0.166578682	0.176494574	0.181514729	0.192722093	0.198472481	0.201002713	0.202782171	0.201684109	0.20545155	0.202077132	0.202767054	0.196453488	0.190118992
424	0.031552209	0.062973643	0.072917829	0.081423256	0.089886047	0.098300388	0.106307752	0.11367093	0.121720155	0.128922868	0.137666279	0.147163953	0.153579845	0.16331124	0.16755	0.177142636	0.181935271	0.184778295	0.186545736	0.185775194	0.189054651	0.185693023	0.186869767	0.180974419	0.175671318
425	0.029848217	0.058507752	0.067413566	0.076496512	0.082976357	0.089867442	0.098041473	0.104805814	0.111913953	0.117710078	0.127452713	0.134187209	0.141347287	0.14939031	0.153460078	0.163199225	0.16581938	0.168977132	0.17065814	0.170360078	0.172267442	0.169958915	0.171114729	0.16553876	0.160031395
426	0.028811008	0.05581124	0.063686434	0.071542248	0.077329457	0.084637209	0.090884884	0.097596899	0.104193023	0.109787984	0.117277907	0.125239535	0.130525969	0.138645736	0.142489535	0.149794961	0.152971318	0.156015116	0.157512016	0.157479457	0.159249612	0.156266667	0.157984496	0.151864341	0.14840814
427	0.027941473	0.05234186	0.059967442	0.067532171	0.07275155	0.078777519	0.085194574	0.091351938	0.097402713	0.102081783	0.108949225	0.116177907	0.12130969	0.128201938	0.131906977	0.138768605	0.141150775	0.144770543	0.145372093	0.145294961	0.147224419	0.144980233	0.146110078	0.141348837	0.137672093
428	0.02700593	0.049754264	0.057510078	0.064895349	0.06990155	0.075039535	0.080616279	0.086050388	0.092106977	0.096613566	0.103602326	0.109701938	0.114807752	0.121694574	0.12306938	0.131446512	0.134068217	0.136019767	0.137112403	0.135963178	0.13869031	0.134678295	0.13745814	0.131944961	0.128495736
429	0.02709969	0.049468992	0.055316667	0.062496899	0.067415116	0.072391085	0.07804031	0.083671705	0.088289922	0.093083333	0.098604651	0.104903101	0.108396899	0.115131395	0.118353876	0.124477907	0.126467054	0.128600388	0.130389535	0.129110853	0.131510078	0.128603488	0.130207364	0.124602713	0.122154264
430	0.027192132	0.048181008	0.054750388	0.061589535	0.066067054	0.071127132	0.076346899	0.080964341	0.08585	0.090423643	0.097316279	0.101674806	0.105836822	0.111438372	0.114524806	0.120479457	0.12246124	0.124444574	0.124786822	0.124207752	0.126477519	0.124396512	0.126189147	0.121208915	0.118432946
431	0.027519147	0.047989535	0.054565891	0.060815891	0.065235659	0.06991124	0.074995349	0.079283721	0.085208915	0.087821705	0.094489147	0.099739535	0.103574419	0.108174806	0.110600775	0.117035659	0.118539535	0.120357752	0.120825969	0.121207752	0.122897674	0.120691085	0.122082171	0.116455814	0.115276357
432	0.028129264	0.048233333	0.054662791	0.061116667	0.065101938	0.069743023	0.074426357	0.07946938	0.084064341	0.087697287	0.094104651	0.098537209	0.101736434	0.107796124	0.110292248	0.115570155	0.117375194	0.119396512	0.120123643	0.119571705	0.120853101	0.118731008	0.120036822	0.114521705	0.113106589
433	0.02836	0.049308915	0.054869767	0.060747287	0.066118992	0.07065969	0.075106202	0.079861628	0.084312016	0.087948837	0.093203876	0.099536047	0.102418217	0.107383721	0.108838372	0.115065891	0.116282558	0.117916667	0.118477907	0.119042636	0.119973643	0.119408527	0.119376744	0.114918217	0.111686434
434	0.029426202	0.049635659	0.055718217	0.06235969	0.066185271	0.071192248	0.07571124	0.080122093	0.085125194	0.089039147	0.094873643	0.099346899	0.10216124	0.107813953	0.10990814	0.115547674	0.117093798	0.118958915	0.119270543	0.118533333	0.120323256	0.118725194	0.119630233	0.114487209	0.111922868
435	0.030049922	0.051025581	0.056591473	0.063488372	0.067821318	0.072534496	0.07712093	0.081162403	0.085819767	0.090403488	0.095534109	0.100015116	0.103518605	0.108963953	0.111141473	0.115855426	0.117368992	0.119305039	0.119204651	0.119585271	0.120842636	0.119954264	0.120386434	0.115130233	0.112765891
436	0.031059186	0.052168992	0.058487984	0.065184884	0.068806202	0.073317829	0.078118605	0.083055039	0.087567442	0.091028295	0.096733333	0.101215116	0.10554031	0.109404264	0.111875194	0.116829457	0.118037984	0.120737597	0.120545349	0.120165891	0.121694574	0.120153876	0.120554264	0.116295736	0.114086434
437	0.03209	0.053564729	0.059763566	0.066575194	0.070346899	0.074554264	0.079526744	0.084326357	0.089596512	0.092763566	0.099606202	0.103016667	0.106164729	0.111156202	0.112935659	0.118470543	0.119651163	0.122297287	0.122766667	0.121006202	0.123037597	0.122374031	0.122291473	0.117496124	0.114387597
438	0.033080349	0.054744574	0.060827132	0.067522093	0.071977132	0.076722868	0.081641085	0.08581124	0.090396124	0.094798062	0.100097287	0.10516124	0.108487209	0.112743411	0.114915116	0.11935155	0.120383333	0.123483333	0.123395736	0.122881008	0.124162791	0.122604264	0.123383721	0.118439147	0.115918217
439	0.034163915	0.056081008	0.06252093	0.069801163	0.073618992	0.077846124	0.082953101	0.087563178	0.091851163	0.095637597	0.102105039	0.106915116	0.109934884	0.114554264	0.116228682	0.121042248	0.122501938	0.124913566	0.125556589	0.12441124	0.125585271	0.125497674	0.124262016	0.119354264	0.117285271
440	0.034815853	0.057051938	0.063225969	0.070362791	0.074619767	0.07937093	0.083908915	0.088477907	0.093681008	0.097081008	0.103047674	0.107501938	0.110449612	0.115236047	0.117264341	0.122717054	0.124912016	0.12672093	0.125899225	0.125102326	0.128371705	0.12624186	0.12543876	0.121007752	0.117989922
441	0.03607531	0.057810853	0.064653876	0.072124806	0.07643062	0.080715116	0.085100775	0.090572868	0.094910078	0.09939845	0.105140698	0.108915116	0.112316667	0.1171	0.118624806	0.123617442	0.125120155	0.127561628	0.127284884	0.126037984	0.128747287	0.127413566	0.126603101	0.12164031	0.118702713
442	0.037172558	0.059480233	0.066210465	0.073079457	0.076845736	0.081822093	0.086775969	0.091174806	0.095799612	0.100604651	0.106232558	0.110256589	0.112770155	0.117844961	0.120162791	0.124832171	0.126368992	0.12825969	0.127717829	0.126989922	0.129356589	0.127893023	0.126764729	0.122974419	0.120486822
443	0.038377364	0.060706977	0.067006202	0.073783721	0.079068992	0.083273643	0.088472093	0.092782558	0.097724031	0.101228295	0.108127519	0.111527519	0.114333721	0.119117829	0.121456977	0.125592636	0.12684186	0.128356589	0.12893062	0.128148837	0.130152713	0.128889535	0.127372868	0.123032946	0.120272093
444	0.038445349	0.061480233	0.06833062	0.074193023	0.080106589	0.084563953	0.088770155	0.093630233	0.098328295	0.101712791	0.10828876	0.112056589	0.114907752	0.120408915	0.120474806	0.126586434	0.128394186	0.12907907	0.129003101	0.127554264	0.12988876	0.12912907	0.127522481	0.123942636	0.120926744
445	0.039083333	0.062579845	0.068805039	0.075708527	0.080004651	0.085312403	0.089745736	0.093765504	0.09876124	0.103756977	0.108811628	0.112093798	0.115171705	0.119976744	0.121320155	0.12629031	0.127710078	0.129606589	0.129245736	0.127529845	0.130475969	0.129325969	0.12810814	0.123868992	0.121272093
446	0.040282946	0.063012791	0.069047674	0.076567829	0.08035969	0.085347287	0.090656977	0.094039147	0.099804264	0.103080233	0.108663566	0.112748062	0.116006202	0.119918217	0.121634496	0.126563953	0.127419767	0.129849225	0.128641085	0.128255039	0.129799225	0.128444186	0.128251938	0.123323643	0.121278295
447	0.041060078	0.064357364	0.070106589	0.076777132	0.081534884	0.086073643	0.090861628	0.095704651	0.100192636	0.104027907	0.109933333	0.11362907	0.115331395	0.119816279	0.12117907	0.125672481	0.12715814	0.129247287	0.12882907	0.127198837	0.128889535	0.128668605	0.127937209	0.123003101	0.121160853
448	0.041244186	0.063972481	0.070212791	0.077078295	0.082329845	0.08566124	0.09134186	0.095313953	0.100195349	0.104138372	0.110186822	0.113283721	0.115918217	0.12093876	0.121473643	0.125872093	0.127284884	0.128055039	0.12830814	0.126569767	0.128522868	0.127524031	0.127038372	0.122455426	0.119921318
449	0.041949612	0.064475194	0.071294186	0.077022481	0.082818217	0.087001163	0.092237597	0.095341473	0.099880233	0.10410155	0.109346512	0.113002326	0.114784109	0.119928682	0.121553101	0.125452326	0.126246512	0.127480233	0.126311628	0.126264729	0.128121705	0.127201938	0.126127132	0.121900388	0.11966938
450	0.042046899	0.065251163	0.071424419	0.077277907	0.082443411	0.08684845	0.092394574	0.09555155	0.100063566	0.104206202	0.109663566	0.112423643	0.115018217	0.120012791	0.119687209	0.124399225	0.125986822	0.126823643	0.12683876	0.125657364	0.127991473	0.12683876	0.125479457	0.120531783	0.11863062
451	0.042604264	0.065139922	0.071400388	0.07749186	0.082444961	0.087293023	0.091614729	0.095689922	0.099782171	0.103580233	0.108774419	0.111433721	0.11435155	0.118349225	0.119873256	0.123817829	0.124545736	0.126047287	0.125099225	0.1237	0.126196512	0.125399612	0.123460465	0.119918217	0.117684884
452	0.042967829	0.065522481	0.07150814	0.07754186	0.082460465	0.086657752	0.092003488	0.095446512	0.099626744	0.102869767	0.108893023	0.112065504	0.114465116	0.117260078	0.118972481	0.122963953	0.124209302	0.125660465	0.124493023	0.123389922	0.125325581	0.124497287	0.12255	0.118464341	0.116255426
453	0.043443798	0.065555039	0.072045349	0.078024419	0.082101938	0.086359302	0.09144031	0.095035271	0.09969845	0.103430233	0.108231395	0.110206202	0.113198837	0.117919767	0.118186047	0.121147674	0.122924806	0.124296899	0.124556202	0.121781783	0.123442636	0.123146124	0.121541085	0.119315504	0.11557907
454	0.04367907	0.066224806	0.07172907	0.07728062	0.082987597	0.086981008	0.091698837	0.095093798	0.098900388	0.102616667	0.107840698	0.110503101	0.112792636	0.116998062	0.117777519	0.120872868	0.121934884	0.123757364	0.122282171	0.121473643	0.12359031	0.122799612	0.121103876	0.117277907	0.115264341
455	0.043792636	0.065706589	0.07146124	0.077647674	0.082368605	0.087272868	0.091717829	0.095073256	0.09903062	0.102315504	0.107487209	0.109831008	0.112148837	0.116260078	0.116732171	0.119672093	0.12175	0.123318992	0.122067054	0.120622093	0.122658527	0.12170814	0.120827519	0.117002713	0.114444186
456	0.044592636	0.066337209	0.071665504	0.077481783	0.083017829	0.087528295	0.091578295	0.094850388	0.099171318	0.102572481	0.10779186	0.110461628	0.112139922	0.115162791	0.116892248	0.119918217	0.121389535	0.122679457	0.121632946	0.119958915	0.121798062	0.121064729	0.120087597	0.115789535	0.114220543
457	0.044748837	0.066803488	0.071834109	0.077489147	0.082414729	0.087090698	0.091071705	0.095089147	0.09903062	0.102497674	0.107895349	0.109494574	0.111832171	0.115467442	0.116844186	0.120065116	0.120209302	0.121306589	0.120848837	0.120648837	0.121862791	0.120806589	0.119769767	0.115673256	0.113693023
458	0.044675969	0.066554264	0.072216667	0.077995736	0.083068217	0.086458527	0.091243023	0.09487093	0.099462791	0.102566667	0.10663876	0.10991124	0.111381783	0.115812016	0.11674845	0.1188	0.120467442	0.121939535	0.120128295	0.119106977	0.12144186	0.12095814	0.119273643	0.115613566	0.112918992
459	0.044726744	0.066716279	0.072213953	0.077437597	0.083537984	0.087365116	0.091215504	0.094857752	0.099186047	0.102377132	0.107429457	0.109656202	0.112162016	0.115967442	0.116457364	0.118898837	0.119930233	0.121021318	0.120306977	0.118584496	0.120284109	0.12126938	0.118442248	0.114730233	0.113189922
460	0.04540814	0.066944186	0.072331783	0.078011628	0.083408915	0.08670969	0.092013953	0.095418605	0.099205039	0.102497674	0.107625969	0.108755426	0.111616667	0.114171318	0.116083721	0.119282558	0.120485271	0.120432946	0.120533333	0.119027907	0.120587597	0.120437209	0.117804264	0.114872093	0.112309302
461	0.045616667	0.067094961	0.071989922	0.077596124	0.082506589	0.087356589	0.091320155	0.094819767	0.098705814	0.102321318	0.10629186	0.108775969	0.11101938	0.114254651	0.115613566	0.118832946	0.119463953	0.120760078	0.119781783	0.118370155	0.120410465	0.119994574	0.11835969	0.113931395	0.112465504
462	0.045527519	0.066934496	0.07205814	0.077860078	0.082921705	0.087255426	0.090386047	0.094531395	0.099071705	0.101589535	0.106336047	0.108984884	0.110399225	0.114146124	0.11527907	0.118621705	0.119777132	0.120087597	0.118897287	0.118352326	0.119829845	0.119630233	0.117668217	0.113317829	0.111723643
463	0.044950388	0.066155814	0.072026744	0.077900388	0.082411628	0.086240698	0.091360465	0.094617442	0.098041473	0.100689922	0.106238372	0.108775969	0.110397674	0.114202713	0.114137209	0.117781783	0.119113178	0.119480233	0.118789535	0.117210465	0.119460853	0.118803101	0.116536434	0.113508527	0.111224419
464	0.044740698	0.066885271	0.071539147	0.077183721	0.082353101	0.086575581	0.089545736	0.094506589	0.098215504	0.101099225	0.106784884	0.106810078	0.110512016	0.112855039	0.11415814	0.116943023	0.118190698	0.11840155	0.11810814	0.116857752	0.118576744	0.117930233	0.116739535	0.112547287	0.111144186
465	0.044591085	0.066223256	0.07136938	0.076945349	0.081559302	0.086121318	0.089387984	0.093519767	0.097307752	0.100691085	0.105724806	0.106618217	0.108968605	0.113020155	0.113654651	0.11712093	0.117363178	0.117989922	0.116793411	0.11552093	0.117874806	0.117694961	0.11564031	0.11299186	0.110244961
466	0.044754264	0.065860078	0.071046124	0.076098837	0.081472093	0.085325581	0.089574806	0.09243062	0.09675814	0.099968217	0.104047287	0.106582558	0.108136434	0.110836822	0.112489147	0.11532093	0.115885271	0.117208915	0.116454264	0.11397907	0.117686047	0.11575814	0.115385271	0.111230233	0.10915969
467	0.044937984	0.065087984	0.070405039	0.076242636	0.079984884	0.085413566	0.08822907	0.092307364	0.096324806	0.098498062	0.103178682	0.105245349	0.107685271	0.110992636	0.111655426	0.113843798	0.115065891	0.116515504	0.114906202	0.113501163	0.116071705	0.114426357	0.114187597	0.109814729	0.107803488
468	0.043948837	0.064888372	0.069915504	0.075050775	0.079712791	0.083972481	0.087226357	0.090977519	0.095592248	0.097737209	0.102394574	0.103743798	0.10661938	0.10977907	0.111086434	0.113874806	0.113718605	0.114983721	0.114314341	0.112596124	0.115504651	0.112986047	0.112545736	0.1098	0.106957752
469	0.043735271	0.064176357	0.068909302	0.07491124	0.079120543	0.083108527	0.08625814	0.090323643	0.09419186	0.096534884	0.101952326	0.102799225	0.105479845	0.108212016	0.109245736	0.111897287	0.112562016	0.113408915	0.113215116	0.11203876	0.113407364	0.11145155	0.112307752	0.108641085	0.106173643
470	0.04360814	0.063277907	0.068801938	0.073012791	0.078382946	0.082835271	0.085652713	0.089094186	0.092913178	0.095962791	0.100166279	0.101641085	0.104356589	0.107868605	0.108487209	0.110477907	0.111227519	0.112777907	0.111710078	0.110452713	0.112437209	0.110886047	0.11049845	0.106756977	0.104297674
471	0.043027907	0.062794186	0.067098062	0.072391085	0.07712093	0.081464729	0.084106202	0.087846124	0.091314341	0.094442636	0.098868217	0.100308527	0.102686047	0.10575155	0.106384884	0.109057364	0.110399225	0.111692248	0.109273643	0.108552326	0.109774806	0.109058915	0.109544961	0.105496124	0.102699225
472	0.042235271	0.061527907	0.067087984	0.071264341	0.076551938	0.080183721	0.083424419	0.086988372	0.091016667	0.093150388	0.097674419	0.09910969	0.101389922	0.104430233	0.104612791	0.108047674	0.108396899	0.108854651	0.107605426	0.10730969	0.108206202	0.107821318	0.107182558	0.104039922	0.101494186
473	0.041852713	0.060853488	0.065839147	0.069700775	0.074814729	0.078837597	0.081956977	0.085793798	0.088984109	0.09200814	0.095830233	0.097712403	0.100211628	0.102265504	0.103047674	0.106105814	0.10694031	0.107064341	0.107396899	0.10535155	0.107386434	0.105413566	0.105915116	0.102700388	0.099625194
474	0.041171705	0.059681395	0.065078295	0.069118605	0.073746899	0.077631783	0.080947287	0.083739535	0.087547287	0.090262791	0.094736822	0.095601163	0.098136434	0.100860078	0.101473643	0.104567054	0.105181783	0.105078682	0.105512403	0.104084109	0.105829457	0.10346124	0.104076744	0.101481008	0.099216667
475	0.040402713	0.058369767	0.064039922	0.068443411	0.071978682	0.076301163	0.079920155	0.082832558	0.086212016	0.089044961	0.092484496	0.09434186	0.096317442	0.099219767	0.099654651	0.102213953	0.103612791	0.104157752	0.103247674	0.101883333	0.103818992	0.102196512	0.102553488	0.099327907	0.096943798
476	0.039814341	0.057913953	0.062434109	0.066868217	0.0708	0.075173256	0.077881783	0.081251163	0.084925194	0.087802713	0.090890698	0.092070543	0.094018605	0.09670155	0.097444961	0.101002326	0.100396512	0.101915504	0.101034496	0.100532946	0.1014	0.100507752	0.10052093	0.09787907	0.095093798
477	0.038934884	0.056896124	0.060863566	0.065729457	0.069638372	0.07314186	0.07652907	0.079636822	0.082869767	0.085644186	0.090031008	0.090631008	0.092943798	0.095009302	0.096606589	0.098219767	0.098813953	0.10019845	0.09875969	0.098411628	0.099855426	0.09873062	0.098440698	0.095423256	0.093831008
478	0.038661512	0.055872481	0.05959031	0.064542636	0.067787209	0.072320155	0.075073643	0.077656202	0.08166124	0.084021318	0.088310078	0.089055039	0.090706589	0.093705814	0.094049225	0.096553876	0.096756977	0.097308915	0.097085659	0.096181783	0.098015116	0.095978682	0.096027132	0.093684109	0.091643798
479	0.037319147	0.054876744	0.058936047	0.062834884	0.067284109	0.07059186	0.073360465	0.076012016	0.079151938	0.082037209	0.085767829	0.087417054	0.08830155	0.091827907	0.091810465	0.094854651	0.095191473	0.095341473	0.095182558	0.094531395	0.096060465	0.095004651	0.093979457	0.091653876	0.08875
480	0.037249922	0.053006202	0.057860853	0.06167093	0.065123256	0.068903876	0.071571705	0.074510078	0.077920155	0.079953101	0.084945349	0.084562403	0.086846899	0.09012093	0.089864341	0.092590698	0.092434884	0.094033333	0.092895736	0.092667442	0.094078295	0.092993023	0.09246124	0.089137597	0.087132558
481	0.036414186	0.052355814	0.05569031	0.059974419	0.063710078	0.067477132	0.070464341	0.07259845	0.075981783	0.07815155	0.081656977	0.083525194	0.085313953	0.086948062	0.088558915	0.090171705	0.090399225	0.09191938	0.091174806	0.090283333	0.091883333	0.090031008	0.089960078	0.088094961	0.085821318
482	0.03580562	0.050905426	0.055715504	0.059124419	0.062815116	0.066087984	0.068693411	0.070722093	0.074855814	0.077098062	0.080683721	0.081294186	0.08305814	0.084926744	0.085662791	0.088606589	0.088946512	0.090097674	0.088372481	0.088673256	0.089377907	0.087434496	0.088498062	0.085265116	0.08409186
483	0.034349147	0.049873256	0.053606202	0.057203488	0.061449612	0.064485271	0.066668217	0.069360078	0.072666279	0.07495814	0.078455814	0.079505426	0.081798837	0.083135659	0.084081783	0.086533721	0.086805039	0.087431783	0.086294186	0.08599845	0.086822481	0.08621938	0.086595736	0.083281008	0.081953876
484	0.033784109	0.049354651	0.052532946	0.056014341	0.059621318	0.062869767	0.065491473	0.067977907	0.071081783	0.072645349	0.077175194	0.077312016	0.079099225	0.08091124	0.081246899	0.084123256	0.083817054	0.08514845	0.084176744	0.08373062	0.085873256	0.08396938	0.084156589	0.080791085	0.080212403
485	0.03295345	0.047525969	0.051089147	0.054496512	0.05789845	0.061568605	0.063868605	0.065964341	0.06910155	0.071207752	0.074471705	0.0749	0.076780233	0.078561628	0.079423643	0.081875194	0.081515116	0.082826744	0.081962403	0.081510853	0.082643023	0.081826357	0.080930233	0.079039147	0.077210853
486	0.032077868	0.045766279	0.04963876	0.052650388	0.056605426	0.05864845	0.061339147	0.064096124	0.067364341	0.06860155	0.071797287	0.072418217	0.07461124	0.076904264	0.077714729	0.079372093	0.079265116	0.080527519	0.078984884	0.078628682	0.079552713	0.079968992	0.078986047	0.076121705	0.07552907
487	0.031262558	0.044877519	0.048284109	0.051217829	0.05514186	0.056981008	0.060023256	0.061696124	0.065043023	0.066774031	0.069750388	0.070352713	0.072655039	0.073847674	0.075369767	0.076563566	0.077052326	0.078070155	0.076514729	0.07659031	0.077567442	0.077063953	0.076271318	0.074066667	0.072977132
488	0.030359302	0.04312907	0.04632093	0.049732558	0.053140698	0.056067054	0.057855426	0.060239922	0.062676357	0.065052713	0.067657752	0.068309302	0.06989031	0.071313953	0.072659302	0.075057752	0.074434884	0.075625969	0.075060853	0.074475969	0.075258527	0.074713566	0.075035271	0.072002713	0.070103876
489	0.029088992	0.041787209	0.044939147	0.048028295	0.051496899	0.054307752	0.056393798	0.057881783	0.061417442	0.062774419	0.066007752	0.066324419	0.068217442	0.069812403	0.069977907	0.072424031	0.07235155	0.073560853	0.072412403	0.072145736	0.072842248	0.072487597	0.072775581	0.06892907	0.068437984
490	0.028675426	0.040532171	0.043713178	0.046345736	0.050147674	0.052671318	0.054540698	0.056585659	0.059723256	0.061057752	0.063164341	0.064013178	0.066003488	0.067575969	0.068037209	0.069743023	0.070491473	0.070872093	0.06965	0.069781395	0.071176744	0.070610078	0.070389535	0.06808062	0.066405039
491	0.027604922	0.039494186	0.041892248	0.044982946	0.047724031	0.050495349	0.051814729	0.054112016	0.056603876	0.058433721	0.061746512	0.061788372	0.062966667	0.064982558	0.065634884	0.067658915	0.06796938	0.068360078	0.068361628	0.067299612	0.068110465	0.067945349	0.067585659	0.065452326	0.063834884
492	0.026269574	0.038081085	0.040834884	0.043524419	0.046565504	0.048605039	0.051441473	0.053089535	0.055377907	0.057074031	0.059734109	0.059893411	0.061645736	0.062609302	0.064472481	0.065867054	0.065771318	0.066262791	0.065955814	0.065273643	0.066465504	0.065189147	0.065946124	0.06311938	0.061921318
493	0.025607442	0.036713915	0.039699612	0.042168217	0.044700775	0.047069767	0.049434496	0.050728682	0.053036822	0.054444961	0.057108915	0.058086822	0.059463566	0.060525194	0.061767442	0.063296124	0.06339845	0.06406938	0.06393062	0.06352907	0.063638372	0.062847287	0.063277907	0.060574031	0.059853101
494	0.025088876	0.035847636	0.038181628	0.040577132	0.043189147	0.045821318	0.047713178	0.049802713	0.051600388	0.052768217	0.055753101	0.055465504	0.057259302	0.058715504	0.060346124	0.060916667	0.061160078	0.0617	0.061653876	0.06148876	0.061742248	0.061091473	0.060896899	0.059241473	0.058149612
495	0.024119457	0.034863217	0.037101977	0.039394961	0.041956589	0.044334884	0.04595	0.047706202	0.050006977	0.051606202	0.053651938	0.054187209	0.055623643	0.056924031	0.05739845	0.059170155	0.058918992	0.059686822	0.059434109	0.059004264	0.059848837	0.058898062	0.05900155	0.056413178	0.056032171
496	0.023111279	0.03395845	0.035824612	0.037774031	0.040498062	0.043006202	0.044700775	0.045819767	0.047696512	0.049740698	0.052003101	0.052336434	0.05337907	0.054533721	0.056068605	0.057200775	0.057232946	0.057817829	0.057065891	0.056960078	0.057635271	0.05739845	0.057086822	0.055148837	0.053993023
497	0.022447907	0.031850039	0.034589922	0.036506395	0.039430233	0.041151163	0.042594574	0.04475969	0.046364729	0.047718605	0.050441473	0.050689922	0.051809302	0.053210078	0.054118992	0.054983333	0.055312403	0.056053101	0.055506977	0.055133333	0.055879457	0.055563953	0.055275194	0.052939922	0.051830233
498	0.021600233	0.031114419	0.033272093	0.035208372	0.038313488	0.039520155	0.041675194	0.042702713	0.044835271	0.04608062	0.048073643	0.048921705	0.05020969	0.051799612	0.052148062	0.052690698	0.05400969	0.05409845	0.053662791	0.053086434	0.053172481	0.053294574	0.053111628	0.051113953	0.050390698
499	0.02087438	0.029803876	0.032226202	0.033986822	0.036552519	0.038532326	0.039860465	0.041555039	0.043298837	0.044687209	0.046918605	0.047675969	0.048336434	0.048854264	0.050113178	0.05115	0.051512016	0.051494186	0.05170155	0.051897674	0.05243876	0.051415504	0.050926357	0.04957093	0.048671318
500	0.020255426	0.028965426	0.03128814	0.033153256	0.035273333	0.037494264	0.038717287	0.04009186	0.041650775	0.042944574	0.044781783	0.045873256	0.046601163	0.048103876	0.048712403	0.049536434	0.049489535	0.050654264	0.050498062	0.049668992	0.0504	0.050187597	0.049739147	0.047692636	0.046973256
501	0.019602519	0.027684031	0.030197868	0.031936318	0.034282907	0.036231163	0.036997481	0.038756705	0.040537597	0.041650775	0.043286434	0.044136434	0.044933721	0.046477519	0.04656938	0.047380233	0.048136822	0.04840814	0.04904845	0.047604651	0.048153488	0.048179457	0.04807093	0.046230233	0.045446512
502	0.018818953	0.027022016	0.029402016	0.030749535	0.033026357	0.034742791	0.03583407	0.036985271	0.038446705	0.040931783	0.04185969	0.042527519	0.043543798	0.045323256	0.044795349	0.046554264	0.046653101	0.047134109	0.046974806	0.046529457	0.046771318	0.046393798	0.04596124	0.044836434	0.043884496
503	0.018376512	0.026303023	0.027932093	0.029957132	0.031924186	0.033076318	0.034564225	0.036136279	0.037890853	0.038812403	0.040592248	0.041029845	0.041426744	0.042991085	0.043405426	0.043989922	0.045239535	0.045232558	0.045260078	0.044572093	0.045356202	0.044928295	0.044319767	0.042773643	0.042138372
504	0.017604806	0.02561814	0.027391822	0.02885531	0.030423876	0.032139922	0.033777326	0.035208372	0.036598643	0.037202403	0.039156589	0.039439922	0.040406977	0.041828295	0.042368992	0.043242636	0.04330969	0.044188372	0.043575194	0.043325969	0.04405155	0.043497287	0.043097674	0.042048062	0.04060155
505	0.017278101	0.024100775	0.026163876	0.027508411	0.029739341	0.030866667	0.032390775	0.033569264	0.035430426	0.036152558	0.037904457	0.038548643	0.039390698	0.040116667	0.04069186	0.041343798	0.042214729	0.042467442	0.041831008	0.041612403	0.042207752	0.041682171	0.041993411	0.040232558	0.038756705
506	0.016252597	0.023681899	0.025271938	0.026671124	0.028639186	0.030063372	0.031346085	0.032629574	0.033673295	0.034725194	0.03609969	0.036890271	0.037759109	0.039317442	0.039162016	0.040453101	0.039916279	0.040355039	0.041087209	0.039570543	0.040905814	0.040834884	0.04025155	0.039181008	0.037926202
507	0.015605736	0.022810155	0.024466473	0.025630194	0.027779225	0.028734496	0.029774302	0.031403992	0.032384031	0.033585465	0.034596667	0.03543314	0.036303023	0.037533643	0.037719729	0.03866969	0.038981008	0.038914341	0.039552713	0.038612558	0.03919186	0.039005814	0.03804845	0.037677597	0.036693566
508	0.015418411	0.022423953	0.023368527	0.024748217	0.026896124	0.02814938	0.028917093	0.030336434	0.031531977	0.032473062	0.033562519	0.033853023	0.035202946	0.036392519	0.036418256	0.037384302	0.038075659	0.037776744	0.038110969	0.037282481	0.037563527	0.037541822	0.037727868	0.035908605	0.035622752
509	0.014694535	0.020931512	0.02285814	0.023797907	0.025642209	0.026929574	0.027669264	0.029178992	0.03035124	0.031111705	0.032551318	0.033046628	0.033555736	0.034703566	0.034863217	0.035904535	0.036060388	0.035989922	0.036708488	0.035947907	0.03673562	0.03628	0.036010233	0.035341047	0.034404612
510	0.014247907	0.020506395	0.02197938	0.023229922	0.02480031	0.025842791	0.02716938	0.027961589	0.029559225	0.030234186	0.030954186	0.032261279	0.032659264	0.033734109	0.033839496	0.034493876	0.035220543	0.03573655	0.03531531	0.035242209	0.035480543	0.034773915	0.034970116	0.033630039	0.032900814
511	0.013594922	0.019625078	0.021137519	0.022332093	0.024063411	0.025222481	0.026173217	0.027371705	0.028267442	0.029149419	0.030136008	0.030788566	0.031732791	0.032326008	0.03253376	0.033151938	0.033716512	0.034209884	0.033909767	0.033742209	0.034111202	0.034155814	0.033684109	0.03273345	0.03185814
512	0.013248915	0.018556628	0.020248798	0.021592248	0.022714264	0.024136783	0.025447016	0.026189302	0.027505736	0.027899884	0.029015116	0.029477248	0.030308178	0.031410736	0.031781318	0.032373217	0.032575581	0.03313031	0.032760465	0.032490581	0.033077674	0.032651163	0.032285543	0.031457907	0.030767054
513	0.012740039	0.018490388	0.019521589	0.020975388	0.022197636	0.022867442	0.024227558	0.025046085	0.026062171	0.02677155	0.027737636	0.028686163	0.029060775	0.030052636	0.03031624	0.031141357	0.030979767	0.031246395	0.031439031	0.031242364	0.031478101	0.031226202	0.030713217	0.030335078	0.029492016
514	0.012235465	0.017782093	0.018905116	0.020097481	0.021211938	0.022494496	0.02316593	0.02425155	0.025269264	0.026038101	0.02702469	0.027243062	0.028522403	0.029021822	0.028891589	0.030037829	0.030238217	0.030250349	0.030433295	0.030064729	0.030550349	0.030294729	0.030071434	0.029023178	0.028270116
515	0.012110659	0.016980581	0.018013721	0.019057519	0.020631279	0.021319651	0.022284147	0.023249884	0.023983333	0.024953915	0.026092946	0.026044806	0.026485039	0.027865039	0.028215116	0.028980194	0.028584147	0.029340194	0.02905407	0.028972132	0.02927438	0.02881907	0.029019147	0.028300969	0.027454806
516	0.011405736	0.016296163	0.017266202	0.018661279	0.019735194	0.020494457	0.021437984	0.022451899	0.023132597	0.024087403	0.024777597	0.025675659	0.025731822	0.02709969	0.026917519	0.027807364	0.027961589	0.028208411	0.028086318	0.027273876	0.027981705	0.027772519	0.027906589	0.026936279	0.026253527
517	0.010957132	0.015857829	0.016976628	0.018016357	0.01889186	0.019459264	0.020761434	0.021279767	0.022743566	0.022891434	0.024011357	0.024183488	0.025070155	0.025408256	0.026103643	0.026308372	0.02687469	0.026763527	0.026948333	0.026584109	0.026971124	0.026486395	0.026752829	0.026111667	0.025529922
518	0.010358101	0.014885659	0.016277674	0.017088992	0.01814345	0.018906434	0.019822752	0.021039147	0.021416705	0.022101783	0.023022016	0.023600543	0.023665891	0.024587984	0.025195775	0.025619496	0.025505853	0.025968527	0.025635543	0.025702403	0.025907016	0.026035426	0.02559407	0.02488845	0.024250233
519	0.009948101	0.01456407	0.015510775	0.016181279	0.017498953	0.018528798	0.019065465	0.019863876	0.02062593	0.02138876	0.021974031	0.022887442	0.023151279	0.02367655	0.024083411	0.024414419	0.024784264	0.025067481	0.024836357	0.024497171	0.025138295	0.024806977	0.024656085	0.023760581	0.023139264
520	0.009722907	0.01392531	0.015045194	0.015604419	0.016651512	0.017538643	0.018346047	0.018927636	0.019893062	0.020483837	0.021266473	0.021379457	0.022240233	0.022724922	0.023181938	0.02371655	0.023844612	0.024052713	0.024031395	0.02378593	0.024343682	0.023861938	0.023796589	0.023151279	0.022531783
521	0.009482054	0.013314651	0.01425186	0.015064961	0.01625124	0.017163023	0.017571705	0.018312946	0.018768605	0.01937438	0.020098798	0.020805271	0.021233217	0.02160155	0.022177674	0.022503837	0.022795504	0.02312062	0.023047326	0.022732907	0.022920736	0.022818178	0.023051318	0.022105775	0.021431318
522	0.008962674	0.012699302	0.013842364	0.014487674	0.015241667	0.015942287	0.016738721	0.017539961	0.018291744	0.018833527	0.019369109	0.020113411	0.020362984	0.020919574	0.020991318	0.021584264	0.021951434	0.021971395	0.021958062	0.021739884	0.021882248	0.021654767	0.021690659	0.020944806	0.020357674
523	0.008540388	0.012327403	0.013308101	0.014042481	0.015014845	0.015481744	0.016187868	0.017082403	0.017463256	0.017766202	0.018233488	0.019168876	0.019461938	0.020207636	0.020287326	0.020843837	0.020939496	0.021063101	0.021238527	0.020757481	0.021213295	0.020915581	0.021164109	0.020366977	0.019804186
524	0.008098721	0.011920271	0.012650659	0.013338333	0.014237364	0.015074186	0.015622907	0.015943605	0.017034806	0.017434147	0.018004457	0.01843345	0.018667907	0.019453953	0.019550775	0.019962093	0.020170465	0.020344419	0.020247481	0.020305891	0.019865233	0.020084186	0.020337752	0.019525581	0.01879907
525	0.007926318	0.011470039	0.011913721	0.012818915	0.013450155	0.014039845	0.015270659	0.015331357	0.016438798	0.016457287	0.017325698	0.017674922	0.017883992	0.018588411	0.018801744	0.019118488	0.019402248	0.019595891	0.019643643	0.019123798	0.019359806	0.01919938	0.019175504	0.018637442	0.018079884
526	0.007565969	0.011060736	0.011775853	0.012155349	0.013154186	0.01387	0.01410438	0.014749884	0.015603101	0.015855194	0.016319922	0.016939612	0.017336279	0.017951512	0.017971357	0.018609612	0.018632132	0.018564574	0.018169922	0.018756667	0.01898593	0.018196395	0.018674535	0.017849574	0.01705593
527	0.007173178	0.010569109	0.01125093	0.011803411	0.012519225	0.013014806	0.013734419	0.014192597	0.015029341	0.015339264	0.015954186	0.016339729	0.016588101	0.017300581	0.017259574	0.01784031	0.017725194	0.017852248	0.01809314	0.017782093	0.017931628	0.017652403	0.017438101	0.01718686	0.016531279
528	0.006969651	0.009883953	0.010701473	0.01129686	0.012006938	0.012599419	0.013083178	0.013992442	0.014274264	0.01474593	0.015327403	0.015522636	0.015711318	0.016355581	0.016621124	0.016971357	0.017271473	0.017419612	0.01735876	0.017001744	0.017409031	0.017157752	0.017025543	0.016581473	0.01573376
529	0.006415543	0.009662674	0.010204845	0.010739496	0.011542209	0.012002984	0.01273345	0.013402791	0.013454109	0.013910814	0.014714302	0.014831628	0.015001667	0.015551667	0.015853876	0.016292209	0.01635031	0.016162791	0.016201085	0.016363527	0.016606589	0.016474496	0.016259186	0.015659845	0.015290465
530	0.006415543	0.009217752	0.009907519	0.010196977	0.011024031	0.011523837	0.012201318	0.01265593	0.01317	0.013518605	0.014133333	0.014296628	0.014495581	0.015063643	0.015162519	0.015381473	0.015469845	0.015666434	0.015703411	0.015740349	0.015929109	0.015930426	0.015645349	0.015092636	0.01467345
531	0.005941318	0.008829302	0.009479457	0.009912752	0.010592674	0.011197171	0.011368992	0.012181589	0.012533682	0.012914884	0.013288372	0.013733101	0.01372124	0.014229457	0.014616783	0.014846124	0.015083411	0.015148023	0.015150659	0.015212636	0.015402597	0.014947636	0.014918605	0.014293992	0.014105659
532	0.005982984	0.008523411	0.009081705	0.009666628	0.010228411	0.010498333	0.011052868	0.011425426	0.01212907	0.012286705	0.013125271	0.013113411	0.013442287	0.013606744	0.013839729	0.014354612	0.014549574	0.014432326	0.014259767	0.014257132	0.01454562	0.014279535	0.014419147	0.013637016	0.013263372
533	0.005623566	0.008072597	0.008616202	0.00900062	0.009794922	0.010138023	0.01068969	0.011022713	0.011303411	0.011959651	0.012289302	0.01292407	0.012849147	0.013110814	0.013104225	0.013897636	0.013569922	0.014060891	0.013788372	0.013759419	0.013866047	0.013935814	0.013531744	0.013127907	0.012633566
534	0.005351512	0.00778531	0.008352209	0.008659341	0.009289729	0.009797519	0.010240194	0.010837829	0.011056822	0.011401822	0.011643256	0.012273566	0.012263023	0.012535	0.012770271	0.012984574	0.013073992	0.013284419	0.013252829	0.013039806	0.013454109	0.013283101	0.013223915	0.012510039	0.012333992
535	0.005307287	0.007524186	0.008144457	0.008454147	0.008833217	0.009304109	0.009632597	0.010001822	0.010320116	0.010776202	0.011181395	0.01154876	0.011676085	0.012136938	0.012177674	0.012349729	0.012499535	0.012686163	0.012646705	0.012742674	0.012619109	0.012565233	0.012730814	0.012117248	0.011903217
536	0.005243488	0.00720969	0.007804884	0.008003372	0.00856	0.008831938	0.009202054	0.009834186	0.010179922	0.010345	0.01097814	0.011166977	0.01121814	0.011656395	0.011739109	0.011963605	0.012143527	0.012260426	0.012230194	0.012175039	0.01229062	0.012027946	0.012006938	0.011467403	0.01134407
537	0.004807713	0.006974884	0.007632558	0.007895	0.008058256	0.008476357	0.008852829	0.00927531	0.009510853	0.009821085	0.010250698	0.010375155	0.010787984	0.011013527	0.01140969	0.011560581	0.011706279	0.011865116	0.011626202	0.011559264	0.011858566	0.01169314	0.011456938	0.011262752	0.010916512
538	0.004669884	0.006566744	0.007137946	0.007203178	0.007794419	0.008332597	0.00860314	0.00905031	0.009084341	0.009369535	0.009959884	0.010204845	0.010411822	0.010621512	0.010791938	0.011149922	0.011190581	0.011235194	0.011106628	0.01113814	0.011269302	0.011125	0.010945349	0.010537636	0.010213992
539	0.004422868	0.006299574	0.00690186	0.00701531	0.007626008	0.007837519	0.007983798	0.008543023	0.008931318	0.009098721	0.009376085	0.009707209	0.009805388	0.01025593	0.010263798	0.010320116	0.010726395	0.010795853	0.010793256	0.010666085	0.010965	0.010621512	0.010770969	0.010075155	0.009907519
540	0.004288992	0.006046822	0.006510698	0.006830116	0.007423682	0.007756589	0.007783992	0.008175814	0.008433217	0.008771783	0.00919814	0.009052946	0.009588101	0.009771357	0.01002407	0.010431473	0.010092171	0.010367287	0.010300465	0.010131473	0.01060186	0.010423643	0.010151124	0.009749109	0.009550116
541	0.004038217	0.00580845	0.006182287	0.006581085	0.007017946	0.00731407	0.00750593	0.007576395	0.00814314	0.008429302	0.008875078	0.009084341	0.009059457	0.00935907	0.009523953	0.009699341	0.009980853	0.009750388	0.009898372	0.00956845	0.009997868	0.00972814	0.009648295	0.009565814	0.009152364
542	0.00402655	0.005770698	0.005972558	0.006192713	0.006792326	0.007184922	0.007220116	0.007744806	0.00788062	0.007922403	0.00822938	0.00841624	0.008800543	0.008926085	0.00907124	0.009385233	0.00936562	0.009544884	0.009525271	0.009271395	0.009446744	0.009492519	0.009420543	0.009041163	0.008807093
543	0.003855081	0.005527248	0.005605349	0.005946512	0.006323023	0.006731008	0.00690186	0.007234496	0.007414574	0.007767016	0.008170581	0.008186279	0.008349574	0.008519496	0.008862016	0.008902519	0.008996705	0.009263527	0.009026783	0.008906473	0.009187674	0.009111783	0.00898624	0.008793992	0.008397946
544	0.003468143	0.005023643	0.005429612	0.005785039	0.006012946	0.006482016	0.006758411	0.006813178	0.007115775	0.007417171	0.007612946	0.008154922	0.008183643	0.008248992	0.008204574	0.00876	0.008429302	0.008902519	0.008629264	0.008600504	0.008783527	0.008668488	0.008451512	0.008361357	0.008042558
545	0.003494105	0.005102984	0.005246124	0.005545465	0.005839729	0.006123682	0.006458566	0.006491163	0.006840543	0.007107946	0.007252752	0.007632558	0.007658643	0.007969419	0.008017752	0.008299922	0.008353488	0.008420155	0.008414922	0.008407093	0.008413605	0.00828686	0.008077829	0.00801124	0.007767016
546	0.003243605	0.004824612	0.005013217	0.005380155	0.005498605	0.005859264	0.006054612	0.006427287	0.006388178	0.006794922	0.00699186	0.007194031	0.007244922	0.007733062	0.007665194	0.007958992	0.008036047	0.007966822	0.008209767	0.007878023	0.007909341	0.007956357	0.007925039	0.00755814	0.007402829
547	0.003294217	0.00449438	0.004867558	0.005217481	0.005367132	0.005567597	0.005770698	0.006173178	0.006399922	0.006646279	0.006916202	0.006972287	0.007030969	0.007355853	0.007440659	0.00753593	0.007606434	0.007671705	0.007727829	0.007686085	0.007905426	0.007546395	0.007370194	0.007290581	0.007161434
548	0.003146279	0.004511279	0.004620465	0.004841512	0.005195349	0.005464767	0.005492093	0.005915233	0.006169264	0.006405116	0.006622791	0.006762326	0.006749264	0.007107946	0.007044031	0.00731407	0.007267093	0.007329729	0.00749155	0.007058372	0.007518992	0.007153605	0.007242326	0.00702186	0.006807946
549	0.002987996	0.004315	0.004422868	0.004708876	0.004929961	0.005140698	0.005390543	0.005726434	0.005661318	0.005907442	0.006302171	0.006319109	0.006410349	0.006725814	0.006695814	0.007060969	0.006796202	0.007025736	0.007066202	0.006974884	0.007235775	0.007037481	0.00677407	0.006578488	0.006517209
550	0.002898492	0.003982364	0.004433256	0.00452686	0.004874031	0.005091279	0.005092558	0.005328101	0.005619651	0.005782403	0.005908721	0.00601814	0.00624876	0.006523721	0.006382984	0.00671407	0.006661938	0.006637132	0.006834031	0.006607171	0.006800116	0.006661938	0.006616279	0.006414264	0.006278721

